current topic is: 61.0
Int64Index([0, 6215], dtype='int64')
[0.30000001 0.1332    ]
current topic is: 24.0
Int64Index([ 8830,   317,    75,  1006, 13876,  6458,     1,  5256, 12067,
             5475, 17306,  2057,  5735,  7435, 18598],
           dtype='int64')
[0.13079999 0.1303     0.1211     0.1209     0.1118     0.1104
 0.1056     0.1048     0.0957     0.0946     0.0901     0.0851
 0.0799     0.0747     0.0709    ]
current topic is: 3.0
Int64Index([20864, 17845,  7546,  4047, 24876, 25741,  5679,  2847,  4096,
            18525, 25804,   855,  3190, 15314,  1916],
           dtype='int64')
[0.29170001 0.27900001 0.27180001 0.27079999 0.26809999 0.26300001
 0.26230001 0.2613     0.2604     0.25799999 0.2579     0.25760001
 0.25760001 0.25659999 0.25      ]
current topic is: 76.0
Int64Index([19570, 11886,  3408,  2197,  6780,  5076, 18884, 24078, 21777,
            17682, 21353,   491,    87, 22562,  4546],
           dtype='int64')
[0.2604     0.2464     0.2428     0.24089999 0.2387     0.23630001
 0.23270001 0.2313     0.2308     0.22660001 0.226      0.22589999
 0.2247     0.2238     0.2233    ]
current topic is: 91.0
Int64Index([    5, 20805,  1571, 22270, 16767, 11201, 25507,  1648, 11755,
             1983, 13330, 17586, 14647,  5600, 21109],
           dtype='int64')
[0.186  0.1541 0.1409 0.1296 0.1277 0.1199 0.1112 0.1056 0.1024 0.0988
 0.0939 0.0899 0.0894 0.0892 0.0869]
current topic is: 72.0
Int64Index([    6,  5545,  8343, 16618, 19985, 24331,   161, 24589,  8544,
            27588, 27552,  4086, 27255, 19159,   893],
           dtype='int64')
[0.2775     0.16320001 0.1455     0.1443     0.1366     0.1362
 0.13519999 0.13410001 0.133      0.13169999 0.1309     0.13070001
 0.13060001 0.1302     0.1292    ]
current topic is: 21.0
Int64Index([7, 6561, 10332, 26510, 7690, 13445, 5411, 2634], dtype='int64')
[0.1257 0.1244 0.1163 0.0948 0.0933 0.0924 0.0918 0.0877]
current topic is: 53.0
Int64Index([    8, 14007,  8673,  2339, 25680, 24867,  7892, 13003, 12122,
            22792, 15044, 11085, 12520, 16706, 13839],
           dtype='int64')
[0.219      0.15279999 0.1454     0.1418     0.1384     0.1305
 0.127      0.1261     0.12530001 0.1245     0.1244     0.1238
 0.1208     0.1181     0.1168    ]
current topic is: 42.0
Int64Index([12329, 12107, 17954,  9880, 13035,  7851,  9608, 20853, 22390,
            27268, 10063,  6762,  8989, 19415,  1769],
           dtype='int64')
[0.34459999 0.2987     0.2967     0.292      0.27090001 0.2694
 0.26859999 0.26640001 0.2599     0.25839999 0.25409999 0.25299999
 0.25260001 0.25130001 0.24869999]
current topic is: 94.0
Int64Index([25855, 13236,    36, 14689, 14530,  3151,   825, 19257, 25038,
            10866,  7369,    38, 26826, 19314, 16194],
           dtype='int64')
[0.3378     0.28290001 0.27410001 0.27219999 0.2674     0.26100001
 0.2604     0.25929999 0.2516     0.2473     0.245      0.24330001
 0.2422     0.2404     0.2379    ]
current topic is: 71.0
Int64Index([12704, 11, 14135, 24204, 2844, 21364, 18747], dtype='int64')
[0.1187 0.1147 0.1096 0.0904 0.0886 0.0826 0.0778]
current topic is: 30.0
Int64Index([14, 16], dtype='int64')
[0.1182 0.102 ]
current topic is: 74.0
Int64Index([  568,  1069,   130,   213,  4668, 25094,  8200,  6200, 14606,
            12608,  8706, 10827, 12542,  2835, 20958],
           dtype='int64')
[0.14390001 0.14300001 0.1428     0.141      0.1407     0.1392
 0.13689999 0.1363     0.12970001 0.1247     0.1242     0.1239
 0.1234     0.1233     0.1232    ]
current topic is: 89.0
Int64Index([ 6930,    19, 19843, 22994, 25220, 17822, 12582, 22107,  9033,
            21294, 11383,  5671, 10936,  4828, 27333],
           dtype='int64')
[0.1472     0.14229999 0.1285     0.1222     0.1178     0.1109
 0.1098     0.1076     0.1054     0.1023     0.0975     0.0925
 0.0917     0.0911     0.089     ]
current topic is: 87.0
Int64Index([   46,    33, 15651,    21, 14737, 12525, 10709, 22212,  5526,
            20287,  7425,  4653, 12009, 12646, 14249],
           dtype='int64')
[0.32049999 0.2622     0.2096     0.2077     0.20460001 0.2016
 0.19949999 0.19850001 0.193      0.1883     0.1877     0.1859
 0.1848     0.1846     0.184     ]
current topic is: 86.0
Int64Index([   22, 11612, 26283,  8420, 23790, 12413,  9210, 23762, 10535,
            27145,  2482,    63, 26150, 25939,  8958],
           dtype='int64')
[0.2712     0.1841     0.15970001 0.1451     0.1435     0.1426
 0.1417     0.1406     0.13850001 0.13680001 0.13609999 0.13410001
 0.1292     0.12890001 0.1285    ]
current topic is: 81.0
Int64Index([26335, 24235, 27659,   547, 25079,  7319,  2134, 21456, 10663,
            27257,  1380, 25363, 13774, 26966, 13047],
           dtype='int64')
[0.2142     0.2105     0.20290001 0.1996     0.1911     0.1886
 0.18189999 0.1805     0.1797     0.1777     0.17569999 0.1752
 0.1742     0.1724     0.1718    ]
current topic is: 62.0
Int64Index([ 9358, 11795,  8837, 18873,    25, 15142, 23092, 11040,  7742,
            17111,  9529, 24761, 11090,  5841,  2485],
           dtype='int64')
[0.27900001 0.2084     0.1769     0.1584     0.15800001 0.15009999
 0.15009999 0.14749999 0.1445     0.1371     0.13680001 0.1354
 0.13410001 0.1327     0.1314    ]
current topic is: 97.0
Int64Index([24337, 12702, 24659, 10120, 11051,    27, 26180, 15178,  3891,
            13977, 23786,  5898, 11421,  6738, 11415],
           dtype='int64')
[0.1126 0.1119 0.1077 0.1062 0.106  0.1058 0.1056 0.1039 0.1018 0.1007
 0.0993 0.0984 0.0949 0.0942 0.0934]
current topic is: 44.0
Int64Index([30, 25502, 3199, 17595], dtype='int64')
[0.15000001 0.1436     0.1024     0.089     ]
current topic is: 29.0
Int64Index([14738, 1640, 1984, 13051, 37, 572, 27316, 4128, 9847, 17874, 7171,
            5394, 1657],
           dtype='int64')
[0.13060001 0.1274     0.1141     0.1101     0.1074     0.1041
 0.1014     0.0926     0.0858     0.0822     0.0817     0.0779
 0.0705    ]
current topic is: 51.0
Int64Index([26886, 20955, 24768, 10966,  2937, 26369,  3355, 14853,    41,
            10633, 17005,  6504, 21150,  5990, 25313],
           dtype='int64')
[0.25909999 0.25440001 0.2538     0.23999999 0.2366     0.23649999
 0.2334     0.22920001 0.2288     0.2264     0.2262     0.2255
 0.2244     0.22400001 0.22319999]
current topic is: 9.0
Int64Index([15961, 22099, 21418, 20671, 17900, 22354, 17782,  7973,  8790,
             2379, 10595, 23168, 21723, 13995,  5064],
           dtype='int64')
[0.1621     0.146      0.14030001 0.1336     0.1327     0.1301
 0.12970001 0.12909999 0.12909999 0.1288     0.1286     0.127
 0.12620001 0.1244     0.1243    ]
current topic is: 35.0
Int64Index([21037,  9625,    86,    43, 13096, 15687, 11157,  6866, 14714,
             7638,  5308, 17043,  2536, 15750, 19237],
           dtype='int64')
[0.24070001 0.17839999 0.1763     0.1716     0.1715     0.1682
 0.16580001 0.1656     0.1653     0.1646     0.1636     0.16140001
 0.1604     0.1585     0.1582    ]
current topic is: 34.0
Int64Index([44, 3604, 5743, 26477, 25152, 19235, 8092], dtype='int64')
[0.145  0.108  0.1057 0.1027 0.09   0.0598 0.0555]
current topic is: 36.0
Int64Index([   53, 21317,  3163, 18095, 25118, 22977, 23938, 26880, 19641,
            26291,  5616,  3557, 15957,  2594,   557],
           dtype='int64')
[0.1895     0.13070001 0.1292     0.12899999 0.12809999 0.12639999
 0.1246     0.1245     0.1235     0.1222     0.1221     0.1204
 0.1203     0.1184     0.1183    ]
current topic is: 90.0
Int64Index([ 6395, 18452, 22560,  2884,    55, 27211, 16825, 27337,   377,
            26810, 14306,  7228, 26983, 26831, 24327],
           dtype='int64')
[0.14129999 0.1372     0.1364     0.1239     0.1098     0.105
 0.1047     0.0986     0.0944     0.0933     0.0929     0.0926
 0.089      0.0878     0.085     ]
current topic is: 16.0
Int64Index([   57,  3498, 14476,  2328, 25814,  6645, 15550, 13465, 27216,
             6905, 23552, 23601,  4495, 11598, 22284],
           dtype='int64')
[0.1524     0.142      0.12909999 0.12710001 0.12639999 0.12549999
 0.1219     0.1208     0.1181     0.1176     0.1153     0.1126
 0.1118     0.1113     0.1099    ]
current topic is: 70.0
Int64Index([ 3623,    58,  1012, 21636,  5106,  8413, 19992, 25837,  4647,
            14176, 15950,  2511, 10874,  8661],
           dtype='int64')
[0.1204 0.1118 0.1092 0.1036 0.1024 0.0964 0.094  0.0929 0.0928 0.0923
 0.0893 0.0885 0.0839 0.08  ]
current topic is: 77.0
Int64Index([16626, 9162, 61, 2271, 3586, 4511, 17057, 15148, 4953, 131], dtype='int64')
[0.14129999 0.13510001 0.1155     0.1098     0.1066     0.0886
 0.0772     0.0771     0.0723     0.0704    ]
current topic is: 59.0
Int64Index([   62,   126,  3152,  7980, 25755, 18451,   660, 23843,  2044,
            25238,  5225, 10694, 26463, 10578, 12948],
           dtype='int64')
[0.2045     0.1698     0.15459999 0.1425     0.1346     0.1328
 0.1283     0.12639999 0.125      0.1233     0.1223     0.1206
 0.1206     0.1199     0.1167    ]
current topic is: 39.0
Int64Index([   64, 22965,  7660, 10318, 27293,  9579, 22435, 25988, 17498,
            18795,  3760, 17711, 23313,  7034, 17737],
           dtype='int64')
[0.1666     0.12530001 0.1122     0.1067     0.1045     0.0986
 0.0958     0.0933     0.0928     0.0909     0.0897     0.0879
 0.0876     0.0873     0.0865    ]
current topic is: 43.0
Int64Index([11938,    65,  5260,  6496, 26426,  9005,  8654, 16776,  1605,
            25754, 20343,  7937, 20953, 11653,   533],
           dtype='int64')
[0.17990001 0.1692     0.1675     0.1551     0.1409     0.1401
 0.1399     0.1358     0.1331     0.13       0.1287     0.1249
 0.1242     0.1232     0.1224    ]
current topic is: 4.0
Int64Index([   66,  2800, 19340, 10262, 24283, 15699,  3549, 21958, 26350,
            26498, 25162, 20457, 10429,  1283,  8608],
           dtype='int64')
[0.1964     0.1956     0.15090001 0.1505     0.14560001 0.1373
 0.13519999 0.12809999 0.12800001 0.1216     0.12       0.1154
 0.1126     0.1112     0.1112    ]
current topic is: 93.0
Int64Index([ 1807, 22554, 19219,  6960, 17546, 25255, 15701, 16172, 12722,
             6828,    69, 17754,  8071,   447,  9648],
           dtype='int64')
[0.16339999 0.1594     0.13349999 0.1304     0.1209     0.1197
 0.1184     0.1183     0.1168     0.1154     0.114      0.1061
 0.1008     0.1007     0.098     ]
current topic is: 11.0
Int64Index([   73,   272, 10789, 14701, 11038, 21550, 25675, 26252,  2970,
             7422, 27496, 26630, 20507, 22400,  4351],
           dtype='int64')
[0.2368     0.1846     0.1663     0.15369999 0.1429     0.1418
 0.13259999 0.12540001 0.1244     0.1202     0.1199     0.1189
 0.1129     0.1126     0.112     ]
current topic is: 41.0
Int64Index([74, 13245, 25150], dtype='int64')
[0.18880001 0.12909999 0.0793    ]
current topic is: 33.0
Int64Index([18440, 10417, 24025, 25834,  1133,   773, 24680, 20365, 18093,
            26987,  6034, 24523, 22197,  3177, 21351],
           dtype='int64')
[0.1987     0.19230001 0.1824     0.18179999 0.16429999 0.15629999
 0.1558     0.15260001 0.1521     0.1476     0.146      0.14030001
 0.13869999 0.13860001 0.13860001]
current topic is: 57.0
Int64Index([   78, 23982, 10443, 15810, 14894, 26453,  8229,  5132, 20818,
             7381, 18150, 11123, 12055, 16819, 17456],
           dtype='int64')
[0.2331 0.1987 0.1574 0.1442 0.1411 0.127  0.1234 0.1232 0.1113 0.1052
 0.1039 0.1022 0.098  0.0959 0.0945]
current topic is: 18.0
Int64Index([81, 12105, 5936, 11501, 20239, 26505, 16678, 27200, 6723], dtype='int64')
[0.12710001 0.1143     0.1011     0.0958     0.0932     0.091
 0.0884     0.0826     0.0825    ]
current topic is: 37.0
Int64Index([82, 23905, 13484, 1907], dtype='int64')
[0.14390001 0.1095     0.09       0.084     ]
current topic is: 28.0
Int64Index([85, 25562, 4162, 27233, 4341, 16176, 26655, 8678, 23499, 15927,
            3092],
           dtype='int64')
[0.1666     0.12530001 0.1115     0.104      0.0988     0.0948
 0.0928     0.0909     0.0901     0.0834     0.0722    ]
current topic is: 27.0
Int64Index([4599, 14120, 26962, 9322, 91, 5140], dtype='int64')
[0.1055 0.103  0.0866 0.0802 0.0787 0.0725]
current topic is: 95.0
Int64Index([92, 712, 9343, 22341, 21193], dtype='int64')
[0.1693 0.0999 0.0775 0.0692 0.0685]
current topic is: 8.0
Int64Index([93], dtype='int64')
[0.0905]
current topic is: 45.0
Int64Index([95, 6020, 5505, 12210], dtype='int64')
[0.1604     0.14920001 0.0985     0.0914    ]
current topic is: 32.0
Int64Index([10129,    97,  7932, 21483, 12027,  5784, 14682,   624,  1898,
            25106, 22510, 13029,  3200,  4575, 15734],
           dtype='int64')
[0.1499     0.13519999 0.1305     0.1233     0.1217     0.1197
 0.116      0.1026     0.1008     0.0996     0.0974     0.096
 0.0934     0.0925     0.0889    ]
current topic is: 63.0
Int64Index([98, 10209, 26502, 11761, 6754, 25812, 10785, 8036], dtype='int64')
[0.18009999 0.0997     0.0996     0.0972     0.0959     0.0881
 0.0844     0.0698    ]
current topic is: 54.0
Int64Index([14581, 11368,   966,  2788,  1685, 19307,  1441, 14527, 10074,
            17425,  4775,  9524,   107, 17218, 19157],
           dtype='int64')
[0.1401 0.1371 0.1331 0.1285 0.116  0.1145 0.1059 0.1034 0.0969 0.095
 0.0914 0.0901 0.0876 0.0852 0.076 ]
current topic is: 73.0
Int64Index([13339, 26454, 24701,  8595, 20971,  6186,  5285, 18303, 13485,
            23979, 14535, 13446,  6407,  6121, 25030],
           dtype='int64')
[0.1806     0.1627     0.1442     0.1429     0.1367     0.1313
 0.1309     0.13       0.12819999 0.12729999 0.1269     0.1234
 0.1231     0.1223     0.1222    ]
current topic is: 14.0
Int64Index([19009, 165, 25441, 9492, 26636], dtype='int64')
[0.1109 0.0962 0.0873 0.0835 0.0786]
current topic is: 92.0
Int64Index([  495, 21582, 27606, 27518,  5402, 24446, 20444, 27438, 27577,
             7875,   759,  4494,  9258, 26881, 27327],
           dtype='int64')
[0.18009999 0.1654     0.16159999 0.1596     0.14839999 0.14669999
 0.14390001 0.1415     0.14120001 0.14       0.1398     0.1382
 0.1364     0.1364     0.1336    ]
current topic is: 15.0
Int64Index([21218, 10784, 17983, 22615, 11435,   242, 19987, 21673, 22372,
            12778, 18910, 10089, 11305, 18785, 11536],
           dtype='int64')
[0.17399999 0.1531     0.1441     0.1204     0.1146     0.1099
 0.108      0.1061     0.0951     0.0897     0.0867     0.0853
 0.0821     0.0802     0.0667    ]
current topic is: 75.0
Int64Index([13270, 265], dtype='int64')
[0.1109 0.0949]
current topic is: 56.0
Int64Index([27391, 24182,   268, 13383, 15602, 27629, 18696, 20102, 26602,
             8910, 11887, 14893, 20103,  1358,  2600],
           dtype='int64')
[0.1689     0.1675     0.1365     0.1356     0.1328     0.13240001
 0.1295     0.1231     0.1192     0.1183     0.1171     0.1158
 0.111      0.106      0.0996    ]
current topic is: 47.0
Int64Index([20681, 18706,  9086, 25582,  3204,  5027, 10489,  2097, 27133,
             1404, 21040, 17789,  1429, 21123,  1331],
           dtype='int64')
[0.17470001 0.1663     0.1391     0.1388     0.13869999 0.1355
 0.1314     0.13070001 0.1286     0.1243     0.1235     0.1222
 0.1214     0.1203     0.1101    ]
current topic is: 38.0
Int64Index([16244, 15924,  8133, 14040,  6911, 19848,   749, 25461,   292,
            17123,  9455,  9873, 17547,  7079,  9426],
           dtype='int64')
[0.1596     0.1529     0.15009999 0.14820001 0.14480001 0.1392
 0.1328     0.12720001 0.1218     0.1184     0.1166     0.1164
 0.1161     0.1151     0.1143    ]
current topic is: 83.0
Int64Index([15191, 314, 12404, 24535, 2392], dtype='int64')
[0.1312 0.1125 0.0947 0.084  0.0795]
current topic is: 98.0
Int64Index([345, 15313, 6179, 20367, 450, 18632, 11015, 726], dtype='int64')
[0.1217 0.1161 0.1031 0.0883 0.0869 0.0794 0.0791 0.0749]
current topic is: 80.0
Int64Index([350], dtype='int64')
[0.0872]
current topic is: 7.0
Int64Index([7863, 27077, 17030, 371, 897, 9185, 20503, 8741, 7255, 4123,
            11994],
           dtype='int64')
[0.1105 0.1085 0.1023 0.0951 0.0944 0.0937 0.0927 0.0905 0.0899 0.0773
 0.0753]
current topic is: 12.0
Int64Index([19245, 8740, 19551, 434, 15579, 23452, 25599], dtype='int64')
[0.1191 0.1021 0.0915 0.0871 0.0801 0.0762 0.0701]
current topic is: 5.0
Int64Index([ 1880, 12576,  8221, 21729, 10270, 11395, 15248,  9885,   508,
             9487,  6440, 21889,   907, 14373, 11745],
           dtype='int64')
[0.164  0.1557 0.1529 0.149  0.1376 0.1285 0.1258 0.1195 0.1177 0.1163
 0.1118 0.1064 0.1058 0.1055 0.1054]
current topic is: 58.0
Int64Index([525], dtype='int64')
[0.0984]
current topic is: 6.0
Int64Index([11211, 16772, 6064, 6385, 26927, 13746, 15501, 546, 24224, 17263], dtype='int64')
[0.1029 0.1015 0.1001 0.0953 0.0928 0.0922 0.0905 0.085  0.0831 0.0686]
current topic is: 60.0
Int64Index([561, 23187, 26870], dtype='int64')
[0.0953 0.0892 0.0886]
current topic is: 20.0
Int64Index([12432, 592, 10076, 14799, 23291], dtype='int64')
[0.1372 0.108  0.0877 0.085  0.076 ]
current topic is: 13.0
Int64Index([  682, 14847, 26726, 27263, 25776,  7698, 10294, 23357, 25109,
            17008, 26992, 10648, 21131, 14169, 18240],
           dtype='int64')
[0.1635     0.12710001 0.1265     0.1233     0.123      0.1226
 0.122      0.1149     0.1147     0.1121     0.1103     0.1065
 0.1063     0.1059     0.105     ]
current topic is: 96.0
Int64Index([18791, 26500, 10984, 26506, 16630, 24710, 17046, 15460, 21784,
            19869, 20737, 14310,  5209, 10204, 25160],
           dtype='int64')
[0.1515     0.1506     0.1469     0.1433     0.14040001 0.13689999
 0.1357     0.132      0.13169999 0.1287     0.1277     0.12720001
 0.1242     0.1216     0.1165    ]
current topic is: 65.0
Int64Index([22993, 7630, 26899, 1146], dtype='int64')
[0.1303 0.0987 0.0801 0.0781]
current topic is: 84.0
Int64Index([6298, 1406], dtype='int64')
[0.1053 0.0807]
current topic is: 67.0
Int64Index([ 1410, 23691, 11944, 13777,  3917,  3693,  1630, 13693, 13861,
             1633, 23826, 15796, 11819, 16826, 20543],
           dtype='int64')
[0.17730001 0.17200001 0.1517     0.1371     0.1365     0.13410001
 0.1217     0.1184     0.1169     0.1163     0.115      0.1109
 0.1107     0.1105     0.1092    ]
current topic is: 2.0
Int64Index([25600,  2347, 11296,  8873, 11790, 18270,  8303,  5707, 11070,
             4187, 14299, 14950, 12873,  6999, 13144],
           dtype='int64')
[0.1397 0.1251 0.1241 0.1207 0.1197 0.1126 0.1107 0.1105 0.1087 0.1065
 0.1064 0.1025 0.1022 0.1016 0.1012]
current topic is: 52.0
Int64Index([21077, 14786, 1579, 20306, 21820, 12357], dtype='int64')
[0.1222 0.1038 0.1036 0.0939 0.0838 0.076 ]
current topic is: 0.0
Int64Index([12754, 24131, 1928, 5116], dtype='int64')
[0.0787 0.0683 0.0651 0.065 ]
current topic is: 10.0
Int64Index([5801, 2359], dtype='int64')
[0.0957 0.0853]
current topic is: 66.0
Int64Index([7857, 2671, 26875, 19398, 21738, 2867, 22748, 3892], dtype='int64')
[0.13519999 0.1215     0.1137     0.1039     0.1017     0.0993
 0.0908     0.0743    ]
current topic is: 40.0
Int64Index([18137, 20254, 21524, 13098, 21107, 14052,  7082, 20877, 19797,
            20662, 21523,  3023, 10199,  7986, 20729],
           dtype='int64')
[0.15899999 0.1548     0.1478     0.13940001 0.13169999 0.1206
 0.1196     0.1191     0.1156     0.108      0.1079     0.1062
 0.1045     0.1028     0.0993    ]
current topic is: 19.0
Int64Index([26208, 18028, 25028, 13426, 22086, 25337,  7557, 13821, 10070,
             7823,  3733, 15716, 19311,  9094,  7184],
           dtype='int64')
[0.1533     0.13070001 0.13070001 0.1259     0.1238     0.1177
 0.117      0.117      0.1158     0.115      0.1126     0.1077
 0.1039     0.1        0.0994    ]
current topic is: 68.0
Int64Index([17905, 3565], dtype='int64')
[0.0863 0.0722]
current topic is: 99.0
Int64Index([21764, 8927, 22862, 8977, 10987, 24001, 7567, 16302, 23331, 3765], dtype='int64')
[0.1551     0.12809999 0.1062     0.1018     0.0962     0.0958
 0.0848     0.0834     0.0794     0.0781    ]
current topic is: 48.0
Int64Index([ 9577,  4595, 26099,  7839, 25923, 11093,  5981, 12399, 14387,
             4061, 13092, 19662, 13424, 15149,  7376],
           dtype='int64')
[0.14669999 0.1406     0.1222     0.1137     0.1089     0.1079
 0.0927     0.0927     0.0923     0.0896     0.0889     0.0889
 0.0864     0.0815     0.0802    ]
current topic is: 82.0
Int64Index([5702, 7743, 5588, 20871, 17818, 23449, 11076, 15758, 14518, 21025,
            8327],
           dtype='int64')
[0.13420001 0.12729999 0.1234     0.1158     0.0995     0.0912
 0.0888     0.085      0.0846     0.074      0.0676    ]
current topic is: 1.0
Int64Index([6010], dtype='int64')
[0.0966]
current topic is: 55.0
Int64Index([6204], dtype='int64')
[0.086]
current topic is: 23.0
Int64Index([13519, 10979, 12824, 11958, 6340, 15037, 21283, 11252], dtype='int64')
[0.1284 0.1023 0.0967 0.0961 0.0916 0.0893 0.0658 0.0597]
current topic is: 26.0
Int64Index([7442, 19116, 24227, 8576, 10387, 26273, 15808, 24395], dtype='int64')
[0.13950001 0.1232     0.1144     0.1119     0.108      0.0936
 0.0923     0.0659    ]
current topic is: 25.0
Int64Index([7878], dtype='int64')
[0.13420001]
current topic is: 79.0
Int64Index([18617, 7999], dtype='int64')
[0.1172 0.1073]
current topic is: 17.0
Int64Index([13953], dtype='int64')
[0.0712]
current topic is: 64.0
Int64Index([19785], dtype='int64')
[0.1048]
current topic is: 69.0
Int64Index([20992], dtype='int64')
[0.0835]
current topic is: 78.0
Int64Index([23321], dtype='int64')
[0.0964]
current topic is: 49.0
Int64Index([24836], dtype='int64')
[0.1258]