current topic is: 8.0
Int64Index([14689,  6961, 25855,  7200,  3085, 27051,  6495, 16233, 23347,
            21616,  2842, 21324,  2060,  5278, 22645],
           dtype='int64')
[0.74529999 0.7331     0.71869999 0.69529998 0.66509998 0.6595
 0.6487     0.6473     0.64670002 0.64420003 0.634      0.634
 0.63249999 0.6318     0.62470001]
current topic is: 3.0
Int64Index([ 2521, 11217,  4555,  1035,  7546,  3600, 21110, 25804,  1588,
             4501, 26523, 13205,  1287, 20864, 14699],
           dtype='int64')
[0.66659999 0.63910002 0.6239     0.59609997 0.59429997 0.5808
 0.57359999 0.57230002 0.57139999 0.57090002 0.56720001 0.56279999
 0.56220001 0.56199998 0.5607    ]
current topic is: 13.0
Int64Index([   50,   942, 16714,  2764, 23985, 10966, 15300, 13607, 15643,
            23735, 18111,  4430,  1668,  7047, 24464],
           dtype='int64')
[0.64450002 0.63169998 0.62459999 0.62169999 0.60960001 0.57959998
 0.56900001 0.56840003 0.5661     0.56010002 0.55839998 0.55760002
 0.55500001 0.5535     0.54860002]
current topic is: 18.0
Int64Index([21225,  1729, 27651, 23669, 13047,   854, 24878, 26966, 16081,
             9774, 27293, 21152,  5567, 22407, 27451],
           dtype='int64')
[0.64600003 0.63069999 0.62190002 0.61799997 0.61540002 0.60790002
 0.60589999 0.60540003 0.60180002 0.59930003 0.59680003 0.59600002
 0.59450001 0.59299999 0.59069997]
current topic is: 4.0
Int64Index([   53, 25055, 12875, 25614, 27403, 13310, 26873, 27255,   173,
             2412,   329,     6,  2057,    68, 19952],
           dtype='int64')
[0.44029999 0.43149999 0.41319999 0.38780001 0.3761     0.3732
 0.3678     0.36070001 0.3601     0.3558     0.3536     0.35319999
 0.352      0.34369999 0.34209999]
current topic is: 12.0
Int64Index([ 2265, 12197, 26454,  1129,  2277,  6492,  2191, 15175,  9845,
            23944,  8386,  7689, 15217, 18499,  8271],
           dtype='int64')
[0.51410002 0.4368     0.42730001 0.42469999 0.40720001 0.4061
 0.4032     0.39669999 0.39489999 0.3926     0.39030001 0.38339999
 0.38299999 0.37830001 0.37650001]
current topic is: 14.0
Int64Index([ 3765, 10482, 18452, 25717,  6172,  3214, 12367, 13108, 20185,
             2157, 19009,  9456, 20306,  8235,  5282],
           dtype='int64')
[0.3452     0.3265     0.27689999 0.2692     0.2667     0.26660001
 0.26230001 0.25940001 0.25889999 0.25670001 0.25420001 0.2449
 0.24160001 0.2393     0.23710001]
current topic is: 7.0
Int64Index([22, 11612, 26783, 8420, 25981], dtype='int64')
[0.31999999 0.23270001 0.19320001 0.183      0.14740001]
current topic is: 16.0
Int64Index([ 2639, 14319, 21081,  9884, 26980, 17753, 23092, 19119,   170,
             3926,  4709, 25953, 14255,  8893,    97],
           dtype='int64')
[0.71530002 0.6512     0.63690001 0.6318     0.63129997 0.62459999
 0.59979999 0.59939998 0.59509999 0.5941     0.58160001 0.57920003
 0.57910001 0.57819998 0.57709998]
current topic is: 2.0
Int64Index([15478,    40, 15248, 21889, 20879, 20071,  6020, 17324,  5752,
            22893,  6778, 12758, 21981, 22753, 26438],
           dtype='int64')
[0.3493     0.29899999 0.2951     0.24070001 0.2392     0.2374
 0.2289     0.2261     0.2245     0.223      0.2228     0.2228
 0.2216     0.2199     0.2193    ]
current topic is: 11.0
Int64Index([   73,  1265, 11038, 11491,   272,    71,  2930,   888,  7422,
               92, 25675,  3758, 17066, 24693, 26630],
           dtype='int64')
[0.4332     0.43000001 0.40009999 0.37560001 0.36660001 0.3651
 0.36019999 0.3592     0.35600001 0.35440001 0.3504     0.34639999
 0.3405     0.33939999 0.3211    ]
current topic is: 6.0
Int64Index([24680, 21474, 25834,   255, 25002, 12444, 27676,  5672,  6914,
            18093,  6675, 21617, 20214,  6262, 26987],
           dtype='int64')
[0.46270001 0.4332     0.43099999 0.43020001 0.40720001 0.4041
 0.3804     0.37850001 0.37810001 0.36340001 0.3601     0.35980001
 0.35859999 0.35800001 0.35440001]
current topic is: 0.0
Int64Index([16258, 17214,  8910, 23601, 24462, 16105, 19265,  1387,  6458,
             9675,  7287,  2491, 10718, 18749, 24755],
           dtype='int64')
[0.38640001 0.37580001 0.366      0.36179999 0.36059999 0.3599
 0.35710001 0.3536     0.35179999 0.35100001 0.35080001 0.34580001
 0.3362     0.33500001 0.3346    ]
current topic is: 15.0
Int64Index([ 8706, 17983, 11435, 22372,  4795,  4494, 11819, 14512, 10057,
            22603, 13777,  1630,   213, 15657, 19241],
           dtype='int64')
[0.352      0.3486     0.33669999 0.33129999 0.32710001 0.32570001
 0.32190001 0.3177     0.31060001 0.30989999 0.30329999 0.30320001
 0.29800001 0.29390001 0.29260001]
current topic is: 5.0
Int64Index([10616, 21909, 9885, 889], dtype='int64')
[0.1781 0.1593 0.1587 0.1256]
current topic is: 1.0
Int64Index([27428, 19345,  2097, 20681, 18590, 18706,  8470, 10489, 25582,
             5027,  9086, 11019,  1404,  5675,  7863],
           dtype='int64')
[0.25909999 0.25400001 0.25150001 0.25060001 0.2335     0.22040001
 0.20559999 0.2044     0.1992     0.19499999 0.1892     0.186
 0.1726     0.16230001 0.1503    ]
current topic is: 9.0
Int64Index([4078, 22554, 2511, 11440, 6960, 3623, 1928, 3999], dtype='int64')
[0.25409999 0.25029999 0.2472     0.23029999 0.2173     0.18529999
 0.1789     0.1512    ]
current topic is: 10.0
Int64Index([23567, 7790, 6321, 7050], dtype='int64')
[0.22840001 0.2274     0.21070001 0.162     ]
current topic is: 19.0
Int64Index([18451, 25755], dtype='int64')
[0.17649999 0.1741    ]
current topic is: 17.0
Int64Index([22354, 25502, 20040], dtype='int64')
[0.30320001 0.1925     0.16769999]