current topic is: 1.0
Int64Index([25110,  5990, 15934, 11937, 21333, 23735,  8276,  7047, 22728,
             8171, 23730, 24212,  5791,  8989,  5951],
           dtype='int64')
[0.73409998 0.6972     0.69450003 0.6688     0.662      0.66079998
 0.65869999 0.65600002 0.65039998 0.648      0.64349997 0.64279997
 0.63990003 0.63950002 0.63639998]
current topic is: 3.0
Int64Index([ 7546,  4142,   166,  6328, 25029,  9269,   855, 11944, 13205,
            16352,  1588, 11217, 17845,  3119, 17207],
           dtype='int64')
[0.8775     0.79710001 0.79070002 0.78140002 0.77029997 0.76899999
 0.76800001 0.76450002 0.75419998 0.75419998 0.75410002 0.7525
 0.7507     0.75019997 0.74870002]
current topic is: 8.0
Int64Index([11438,  6160, 14389, 24462, 26111, 11283, 24036,  3059, 22303,
            16123, 19137, 11007,  3498,  7077, 10713],
           dtype='int64')
[0.86150002 0.86129999 0.85579997 0.85439998 0.8409     0.8222
 0.8222     0.82130003 0.82010001 0.81940001 0.8125     0.8114
 0.81019998 0.8089     0.80769998]
current topic is: 2.0
Int64Index([ 3930, 25383, 13635, 15559,  9561,  2876,  2202,  6321,  1998,
            26840,  4483, 24998, 23886, 26449, 24970],
           dtype='int64')
[0.55949998 0.5517     0.53570002 0.52170002 0.52029997 0.51490003
 0.50989997 0.50749999 0.49770001 0.4928     0.4923     0.48210001
 0.47929999 0.47400001 0.47080001]
current topic is: 4.0
Int64Index([17144,   493, 16793, 21400, 22400,  6410, 22050,  8169,  5836,
            27467,    53, 13010, 16917, 22032, 26315],
           dtype='int64')
[0.67510003 0.6462     0.64099997 0.6261     0.62290001 0.62260002
 0.61989999 0.61879998 0.61019999 0.60939997 0.60399997 0.60140002
 0.59609997 0.59469998 0.59469998]
current topic is: 9.0
Int64Index([ 2265, 20248,  1129, 21017,  2207,    27,  8073, 16944, 11421,
             3158,  2015,  2277,  6323, 24120,    80],
           dtype='int64')
[0.69090003 0.65149999 0.62370002 0.6164     0.61129999 0.60680002
 0.60530001 0.60360003 0.60119998 0.59420002 0.58999997 0.57690001
 0.57279998 0.57179999 0.56980002]
current topic is: 0.0
Int64Index([ 1836,  6277,   355,    71,  3832,  2976,  7993,  3731, 25076,
            19376,  7563, 26026, 16994, 24118,    17],
           dtype='int64')
[0.7173     0.71319997 0.70279998 0.69840002 0.67909998 0.67860001
 0.67009997 0.6602     0.65759999 0.65450001 0.6505     0.64910001
 0.64889997 0.64740002 0.6469    ]
current topic is: 7.0
Int64Index([22], dtype='int64')
[0.2376]
current topic is: 5.0
Int64Index([26728,   787, 23133,  9358,  3204, 27187, 23762, 14688, 18927,
             2083,    25, 17268, 19005, 27428,  9849],
           dtype='int64')
[0.42829999 0.42460001 0.42390001 0.40920001 0.4091     0.40700001
 0.4059     0.4005     0.38029999 0.37169999 0.3585     0.35699999
 0.3531     0.35210001 0.34760001]
current topic is: 6.0
Int64Index([   62,  6164,  9917, 18572,   126,  2044,  9431,  9528,   566,
            27140,   624, 25677, 24857,  9927,   524],
           dtype='int64')
[0.75669998 0.66409999 0.65039998 0.6444     0.63940001 0.62949997
 0.62470001 0.62449998 0.62099999 0.61669999 0.6103     0.60860002
 0.60079998 0.59939998 0.5941    ]