current topic is: 25.0
Int64Index([21982, 13912, 24970, 26476,  3459, 16546,  3644, 15762,  3604,
             5062,     0, 16193, 22281,  7356,    40],
           dtype='int64')
[0.3552 0.2881 0.2476 0.2135 0.2088 0.2042 0.2036 0.2035 0.2026 0.2
 0.1979 0.1955 0.1916 0.1884 0.1872]
current topic is: 52.0
Int64Index([22032,  7289, 20912, 11028, 13856, 17213, 12574, 14152, 14378,
            16257, 23608, 13368, 18293,  4037, 11531],
           dtype='int64')
[0.1655 0.1295 0.1201 0.1196 0.1162 0.1149 0.1098 0.1091 0.1063 0.1053
 0.1041 0.1032 0.1002 0.099  0.0966]
current topic is: 89.0
Int64Index([ 3080, 26362, 23679, 25235,   345, 23132,  1408, 23761, 26991,
             3089,  6959, 25893, 18652, 22397,   682],
           dtype='int64')
[0.2226 0.1768 0.1596 0.1505 0.1431 0.1427 0.1424 0.1349 0.1306 0.1301
 0.1281 0.1246 0.1245 0.1238 0.1227]
current topic is: 43.0
Int64Index([26710, 22901,   153,  3823,    97,  8951,  4647, 14175, 27463,
            12931, 16076,  7646,  4308,  3200, 10128],
           dtype='int64')
[0.1664 0.1523 0.1421 0.1414 0.1407 0.1326 0.1305 0.1276 0.1274 0.1269
 0.1259 0.1254 0.1241 0.1213 0.1205]
current topic is: 94.0
Int64Index([10612,  3827, 14537, 22276,   288,  8654,  2290,  3968, 18047,
            20730, 17697, 13793,  4393,  1705, 20166],
           dtype='int64')
[0.1132 0.0931 0.0909 0.0808 0.0797 0.0734 0.0733 0.0725 0.0706 0.0683
 0.0676 0.0674 0.0666 0.0664 0.066 ]
current topic is: 28.0
Int64Index([20930, 26880,    71, 25153, 27664,  3606,  1434, 27395,  7162,
            10662, 26859, 27230, 25992, 19107, 23154],
           dtype='int64')
[0.1795 0.1785 0.1725 0.1671 0.1602 0.1488 0.1447 0.1439 0.142  0.1415
 0.1401 0.1397 0.1389 0.1375 0.1363]
current topic is: 24.0
Int64Index([12355, 19962, 27037,  7923, 26872, 27597, 11049, 25891, 10096,
            26512,  9961,  1201, 26735, 27315, 27257],
           dtype='int64')
[0.2385 0.237  0.2298 0.2247 0.1995 0.1933 0.1912 0.1901 0.1868 0.1867
 0.1806 0.1804 0.1788 0.1772 0.1766]
current topic is: 36.0
Int64Index([16783, 22049,  1794,   494, 13820,  9093, 12285, 26207, 23303,
            18521, 20425,  7201, 11673,  9980, 18583],
           dtype='int64')
[0.2301 0.2201 0.2177 0.2171 0.2155 0.2078 0.1925 0.1912 0.1909 0.1858
 0.1832 0.1813 0.1784 0.1781 0.1753]
current topic is: 80.0
Int64Index([ 3365, 23067, 22874,  9818, 13338,  3846, 24997, 24729, 23002,
            23654,  7446,  3083, 21210, 23764, 23698],
           dtype='int64')
[0.1542 0.1443 0.1403 0.1363 0.1326 0.1313 0.1231 0.1191 0.1164 0.1152
 0.1136 0.1096 0.1095 0.1087 0.1036]
current topic is: 81.0
Int64Index([21405, 21493, 11195,  8302,  3118,  6766, 11789, 25599, 23504,
            14298, 21722, 22168,  3436,  6523, 11069],
           dtype='int64')
[0.1871 0.1809 0.1762 0.1572 0.1369 0.1339 0.1338 0.1301 0.1262 0.1208
 0.1203 0.1188 0.1186 0.1186 0.1174]
current topic is: 29.0
Int64Index([ 1850,  8220,  2334, 13966,   183, 14528,  5107, 19301, 15965,
            12822,   296,  6749, 14119,  6679,  3962],
           dtype='int64')
[0.2385 0.2052 0.2029 0.1974 0.1719 0.166  0.1649 0.1617 0.1605 0.1589
 0.1548 0.1524 0.1523 0.1511 0.1498]
current topic is: 17.0
Int64Index([22001, 25365, 21168,  2259, 11491,  7845, 18260, 14235,  1089,
            14795,  3392, 17327,  8665,  4216,  7046],
           dtype='int64')
[0.1303 0.1205 0.1088 0.1025 0.1024 0.1013 0.1005 0.1002 0.0986 0.0979
 0.0975 0.0964 0.0956 0.0943 0.0939]
current topic is: 32.0
Int64Index([ 1169, 12052,  3075, 11935,  3444, 23027, 12419, 15491, 14492,
            20279,  6121, 21908,  5635, 10230,   159],
           dtype='int64')
[0.1917 0.1761 0.1752 0.1741 0.1622 0.162  0.1568 0.1524 0.1467 0.1439
 0.1437 0.1432 0.1431 0.1412 0.1397]
current topic is: 44.0
Int64Index([ 8703, 14077,  3545, 24018,  7340,  6047, 16188, 25412, 11278,
            26995,   374, 27609, 21010, 14826, 24576],
           dtype='int64')
[0.2027 0.189  0.1876 0.181  0.1784 0.1727 0.1717 0.1699 0.1674 0.1667
 0.1641 0.1613 0.1576 0.1573 0.1571]
current topic is: 34.0
Int64Index([11296,   679, 14115,  5207, 21789, 10925,   725,   102, 17727,
            15214, 10004, 16236,  2523, 23782, 22997],
           dtype='int64')
[0.1334 0.1051 0.1032 0.102  0.1012 0.1005 0.0993 0.0979 0.0978 0.0961
 0.0953 0.0951 0.095  0.0942 0.094 ]
current topic is: 30.0
Int64Index([ 1999,  1456, 27421,   383,    27,  3124, 15943,  1108, 17390,
            11420, 12688,   382, 23785, 11861, 22524],
           dtype='int64')
[0.2257 0.2129 0.2002 0.1974 0.1776 0.1721 0.1666 0.161  0.1559 0.1518
 0.1508 0.1449 0.1419 0.1401 0.1373]
current topic is: 18.0
Int64Index([23682,  1960, 14511, 18537, 25676, 15117,  5167, 23904, 18373,
             1880,  5140, 20110, 21011, 26961, 21486],
           dtype='int64')
[0.173  0.1665 0.1558 0.1555 0.1522 0.1514 0.1484 0.147  0.146  0.1456
 0.1456 0.1438 0.1436 0.1432 0.1382]
current topic is: 83.0
Int64Index([12956,  1133, 27272, 15160,  2209, 25975, 11777, 12443, 21616,
              276, 23563, 13322,    22, 18092, 11898],
           dtype='int64')
[0.2228 0.1749 0.1708 0.1635 0.1531 0.15   0.1481 0.1451 0.1448 0.1438
 0.1389 0.1369 0.1346 0.1346 0.1326]
current topic is: 63.0
Int64Index([17314,  8223,  9397, 20954, 24767, 11166, 16230, 15903, 15892,
            23128,  2750,  3355,  2937, 27134, 16713],
           dtype='int64')
[0.351  0.2692 0.2376 0.2358 0.2287 0.2251 0.2186 0.2132 0.2086 0.2079
 0.2077 0.2074 0.2052 0.2044 0.2019]
current topic is: 47.0
Int64Index([19028,  4857, 27424, 21369,  9357, 27011,  1027,  7254,  1060,
            11138,  6736, 12815, 24577, 15900, 26549],
           dtype='int64')
[0.2007 0.1898 0.1792 0.1749 0.1735 0.1652 0.1649 0.1643 0.1631 0.1616
 0.1609 0.1592 0.158  0.1544 0.1541]
current topic is: 67.0
Int64Index([13928,  8386,  1923,   493, 11372, 15577, 13689, 22270,  8327,
            10506, 26466,  2492, 23138, 21548, 17722],
           dtype='int64')
[0.236  0.1875 0.1842 0.1622 0.1465 0.1365 0.1326 0.1297 0.1274 0.126
 0.1255 0.1238 0.1212 0.1189 0.1182]
current topic is: 55.0
Int64Index([12959,  1656, 24132, 11814,  8340,  9671,  8295, 22016,  5035,
            14462,  8672, 23023,  1025,  5065, 19552],
           dtype='int64')
[0.1696 0.1358 0.1191 0.1179 0.115  0.104  0.1038 0.1029 0.0992 0.0963
 0.0953 0.0947 0.0946 0.0942 0.0937]
current topic is: 54.0
Int64Index([14897,   359, 23378, 24195, 23605, 22114, 22213,  3449, 12378,
            25404,   499, 21592,  6280, 20816, 27623],
           dtype='int64')
[0.1186 0.1117 0.1049 0.1019 0.1004 0.1    0.0995 0.0989 0.0979 0.0946
 0.0935 0.0917 0.0915 0.0901 0.0897]
current topic is: 95.0
Int64Index([27227,  9341, 13691, 21432,  3952, 27354, 20075, 19227,  1617,
            26043,   841, 13020, 12560, 11356, 27287],
           dtype='int64')
[0.0889 0.0875 0.0819 0.0814 0.0802 0.0796 0.0794 0.0783 0.0777 0.0773
 0.077  0.0748 0.0746 0.0708 0.0702]
current topic is: 66.0
Int64Index([ 4668, 14605, 12607,  7800,  2835,  4468, 11244,  8199, 24089,
            13587,    37,  7173, 19026, 12735, 17351],
           dtype='int64')
[0.3485 0.321  0.2726 0.2692 0.2673 0.2637 0.2634 0.2608 0.2576 0.2558
 0.2473 0.2464 0.2454 0.2436 0.2435]
current topic is: 22.0
Int64Index([  165, 10751, 15920, 26635,  9732, 11480,  7742, 25440,    67,
            26982, 16615,  1204, 19564,  6324, 26983],
           dtype='int64')
[0.3148 0.2242 0.2197 0.2072 0.2012 0.1887 0.188  0.1827 0.179  0.1605
 0.1603 0.1577 0.1555 0.1547 0.1528]
current topic is: 58.0
Int64Index([14738, 25813,   471, 23432, 22283, 16320,   139, 23129, 13514,
            18191, 13790, 16468, 25544, 11799,  1458],
           dtype='int64')
[0.1606 0.092  0.0836 0.0819 0.081  0.0756 0.0748 0.0742 0.0737 0.0734
 0.0708 0.0694 0.0685 0.0676 0.0673]
current topic is: 5.0
Int64Index([24155,    60,  6855, 23910, 21071,  8438, 15089,  6615, 18931,
            22236, 16151,   489, 15839, 24072,  5291],
           dtype='int64')
[0.1366 0.1362 0.1344 0.133  0.1317 0.1314 0.1304 0.1299 0.1292 0.1244
 0.1234 0.1219 0.1193 0.1192 0.1191]
current topic is: 71.0
Int64Index([11151,   193, 18888,  7769, 22380,  9438,  2288, 22703, 18921,
            24598,  2668,  5236, 12328,  1523, 15791],
           dtype='int64')
[0.3076 0.2291 0.2124 0.2039 0.2032 0.1997 0.1994 0.1823 0.1773 0.1704
 0.1698 0.1696 0.1687 0.1666 0.1629]
current topic is: 35.0
Int64Index([19244,  4886, 10590, 13152,  5302,    78, 19095,  1045, 21435,
            10442,  7380, 16032,  2870, 20817, 24966],
           dtype='int64')
[0.1658 0.1627 0.1603 0.1577 0.1552 0.1551 0.1537 0.1515 0.1511 0.1473
 0.1446 0.1405 0.1382 0.1326 0.1297]
current topic is: 15.0
Int64Index([ 3683,  3812, 21783,  3550, 17195, 10868, 11212, 12757,  9778,
            24866, 20960, 16673, 24411, 14109,  8833],
           dtype='int64')
[0.1257 0.1192 0.1138 0.1091 0.1083 0.1054 0.1052 0.1052 0.1036 0.101
 0.0959 0.0948 0.0946 0.0937 0.0922]
current topic is: 14.0
Int64Index([ 7115, 27427,  1987,  2474, 27362, 26888, 10517,   371, 18589,
             5962, 17830, 19000, 22908, 11018, 20010],
           dtype='int64')
[0.1842 0.1572 0.1501 0.1442 0.1436 0.131  0.1182 0.1154 0.1149 0.1146
 0.1135 0.1102 0.1089 0.1039 0.0979]
current topic is: 48.0
Int64Index([ 7718, 13443, 17346, 12242, 25108, 22519, 26588, 15221,  9063,
            12321,   563,  8881,   227, 17751, 17881],
           dtype='int64')
[0.1214 0.1209 0.1167 0.1049 0.1035 0.099  0.099  0.0948 0.0941 0.0924
 0.0908 0.089  0.0883 0.0862 0.0847]
current topic is: 74.0
Int64Index([ 4047, 15516, 12977,  2521,  3600,   728,  1636, 25158,  2231,
            17206, 25028,  2949,  6186,  4779, 20863],
           dtype='int64')
[0.1191 0.1124 0.1122 0.1118 0.1113 0.1105 0.1101 0.1099 0.1078 0.1077
 0.1074 0.1072 0.1068 0.1055 0.1054]
current topic is: 70.0
Int64Index([ 1662, 14873,  2057, 15588, 27539, 18171,  2943, 25760, 11883,
             9283, 27199,  2963, 20694,  5792,  3209],
           dtype='int64')
[0.1751 0.1617 0.1469 0.1345 0.1286 0.1274 0.1211 0.1204 0.1162 0.1145
 0.1141 0.1136 0.1117 0.1104 0.1092]
current topic is: 39.0
Int64Index([23852, 14893,  4077, 11665, 15859, 24780, 11209, 11705,  9809,
            11513, 17410, 12118, 13146, 11056,  4351],
           dtype='int64')
[0.1776 0.1559 0.1507 0.1496 0.139  0.1332 0.1286 0.1273 0.1254 0.1235
 0.1195 0.1191 0.1187 0.1173 0.1166]
current topic is: 65.0
Int64Index([17898, 14348,  7066, 19784, 16127, 17419,  5290,  5142,  3544,
              304,  9119, 11200, 15499, 21272, 10827],
           dtype='int64')
[0.2308 0.145  0.1392 0.135  0.1258 0.119  0.113  0.1121 0.1066 0.1033
 0.102  0.1015 0.101  0.1008 0.1004]
current topic is: 9.0
Int64Index([24534,  3778,  6972, 25316, 17911,  7052, 26124, 17770,  1311,
            11878, 22566, 22150,  1550,  6558,  3069],
           dtype='int64')
[0.2085 0.1699 0.1555 0.145  0.1438 0.1408 0.1399 0.137  0.1354 0.1346
 0.1231 0.1201 0.1189 0.1176 0.116 ]
current topic is: 2.0
Int64Index([ 3144, 26647, 10322, 12432, 15141, 24366, 26801, 21806,  4709,
            27232, 21835, 13211, 14789, 10629, 22882],
           dtype='int64')
[0.2489 0.1846 0.1664 0.164  0.1541 0.1532 0.1523 0.1521 0.1506 0.1497
 0.1432 0.1425 0.1425 0.1415 0.1382]
current topic is: 50.0
Int64Index([24320, 25157, 27590,   821, 27163, 25779, 26684,  3816,    83,
             1248, 21782,   423, 25611,  4494, 26683],
           dtype='int64')
[0.1427 0.1341 0.111  0.1063 0.1005 0.0992 0.099  0.0984 0.0969 0.0957
 0.0952 0.0938 0.0932 0.091  0.09  ]
current topic is: 0.0
Int64Index([20342, 12054,  2168, 21304, 16775, 10278,  9225, 18149, 15330,
            10229, 26649,  2696, 14227,  3402, 20188],
           dtype='int64')
[0.1654 0.1242 0.1191 0.1173 0.1156 0.1141 0.1131 0.111  0.1089 0.1079
 0.1059 0.105  0.1049 0.1047 0.1032]
current topic is: 86.0
Int64Index([13518,  5309,    89,  2166, 24671, 11338, 10755,  2735,   673,
            15803, 15485, 22128, 12147, 24775,  2180],
           dtype='int64')
[0.1425 0.1422 0.1392 0.1251 0.1133 0.1055 0.1051 0.1032 0.1028 0.1017
 0.0999 0.0993 0.0984 0.0983 0.094 ]
current topic is: 26.0
Int64Index([16256, 22685,  6703, 25753,  3630, 26357, 26303,  6335,  9268,
            13784, 23814, 27345, 19715, 20323, 14845],
           dtype='int64')
[0.1874 0.1641 0.1289 0.1246 0.1113 0.1091 0.1088 0.1055 0.1012 0.101
 0.1001 0.0954 0.0937 0.0911 0.0902]
current topic is: 40.0
Int64Index([23972,  2545, 23980, 23612,  8514, 12482,  5623, 20029, 12121,
            16970, 22072,  1032, 23224, 18802,  4856],
           dtype='int64')
[0.1194 0.1053 0.1052 0.0967 0.0933 0.0913 0.0904 0.09   0.0889 0.0887
 0.0854 0.0847 0.0839 0.0828 0.0823]
current topic is: 79.0
Int64Index([ 4225,  7260, 20911, 23215, 11288, 16460, 22993, 22106, 21211,
            20394, 16336, 10361,  6330, 15807,  5670],
           dtype='int64')
[0.1701 0.1612 0.1602 0.1596 0.149  0.1317 0.1268 0.1265 0.1236 0.1231
 0.1213 0.1207 0.1192 0.1186 0.1174]
current topic is: 98.0
Int64Index([23253, 25029,  2769, 16760, 14148, 20841, 11778, 17793, 23318,
              110, 26993, 15831,  6350,  8922, 14542],
           dtype='int64')
[0.096  0.0922 0.0867 0.0769 0.075  0.0742 0.0735 0.0735 0.0725 0.0713
 0.0652 0.0648 0.0641 0.0628 0.0625]
current topic is: 13.0
Int64Index([13122, 19313, 17083, 27376, 23214, 10782,  1486, 17065,  1046,
            20843, 13615, 16107, 18736, 20414, 21006],
           dtype='int64')
[0.1614 0.1376 0.1344 0.1271 0.1255 0.1247 0.1202 0.1188 0.1174 0.116
 0.1159 0.1154 0.1119 0.1077 0.1076]
current topic is: 60.0
Int64Index([15741, 14674, 14291,  2335, 18526, 25817,   118, 19569, 17578,
            21352,  7827, 18884,  6779, 20317, 11021],
           dtype='int64')
[0.1302 0.1257 0.1229 0.1214 0.12   0.1159 0.1107 0.1104 0.1066 0.1052
 0.1047 0.1038 0.1031 0.1022 0.1013]
current topic is: 88.0
Int64Index([ 9974, 18529, 25313, 18705, 17788, 18827,   864, 19004, 25581,
             8099,  4538, 21122, 11515,   290, 20680],
           dtype='int64')
[0.2261 0.204  0.1919 0.1792 0.1705 0.1691 0.1651 0.1639 0.1611 0.1583
 0.1565 0.1554 0.154  0.1485 0.1475]
current topic is: 49.0
Int64Index([11528, 11093, 25285, 24475, 26601, 20619, 16620, 20401, 18468,
            16554, 15731,  7745, 14594, 22774, 14132],
           dtype='int64')
[0.2514 0.234  0.2176 0.1476 0.1441 0.1418 0.1345 0.1341 0.1304 0.1285
 0.1252 0.1244 0.1216 0.1164 0.1158]
current topic is: 99.0
Int64Index([ 1710, 23137, 23288, 13169,  2924,  8143, 11965,  3594, 25424,
            24601, 13291,  7773,  9247, 23683, 15291],
           dtype='int64')
[0.2121 0.2    0.1535 0.1529 0.1523 0.1476 0.1332 0.1279 0.1254 0.1162
 0.1146 0.1134 0.1117 0.111  0.1098]
current topic is: 78.0
Int64Index([ 7562, 25489,   132,  2976,  7504, 25517, 15277, 21551, 18975,
            20904, 23247,  3939, 22555, 27459, 25078],
           dtype='int64')
[0.1346 0.1231 0.1219 0.1198 0.1194 0.1184 0.1175 0.1161 0.1157 0.1131
 0.112  0.1109 0.1108 0.1097 0.109 ]
current topic is: 59.0
Int64Index([ 3557,  4657,  1284,  9837, 26290, 21017, 25919, 12374,  3433,
             5825, 21651,  9309,  5314,  6345,  2757],
           dtype='int64')
[0.1742 0.1299 0.1271 0.1077 0.1072 0.1054 0.1007 0.099  0.0984 0.0964
 0.093  0.0928 0.0925 0.0915 0.0866]
current topic is: 53.0
Int64Index([11857, 26551, 27543, 27108,  7866,  4255,  8714,  2960, 26807,
             4381,  2438,   861,  8903, 14847,   510],
           dtype='int64')
[0.1794 0.1783 0.1571 0.1474 0.1362 0.1329 0.1163 0.1126 0.1122 0.1106
 0.1082 0.1076 0.1076 0.1073 0.1072]
current topic is: 91.0
Int64Index([16201, 15036, 23911,  4878, 24354,  4867, 18221, 20727, 16035,
            25600, 22233,  1722, 16794, 24409,   598],
           dtype='int64')
[0.371  0.1839 0.1502 0.1351 0.1341 0.1295 0.1289 0.1234 0.1211 0.1157
 0.1156 0.1103 0.109  0.109  0.108 ]
current topic is: 23.0
Int64Index([13857,  8653, 12104,  4868, 13624,  2497,  2964, 13670,   205,
            17916, 26425, 16630,  6181, 27452,  2932],
           dtype='int64')
[0.3158 0.1337 0.1302 0.1135 0.1087 0.1038 0.097  0.0944 0.0925 0.0918
 0.0917 0.0883 0.0861 0.086  0.0852]
current topic is: 87.0
Int64Index([ 6237, 10682,  7032,  7406, 26106,  2768, 23063, 26899, 10151,
             5461, 15946, 19153,  6086, 27642, 25651],
           dtype='int64')
[0.1489 0.1431 0.1277 0.1267 0.1261 0.1255 0.1251 0.1165 0.1141 0.1128
 0.1113 0.1091 0.1077 0.1062 0.1058]
current topic is: 75.0
Int64Index([16485, 26278,  7158, 23885,   244, 26448, 13543, 10246, 18367,
            13816,   854, 27615, 22507,  5106,  4368],
           dtype='int64')
[0.1104 0.1016 0.1013 0.1008 0.0995 0.0973 0.0915 0.0884 0.0879 0.0866
 0.0859 0.0859 0.0858 0.0853 0.0824]
current topic is: 85.0
Int64Index([26439,  2583, 15041,  3727, 21746,  3000, 11231, 20599, 18678,
            18865, 10836, 14611,  4104,  6048, 24845],
           dtype='int64')
[0.115  0.0979 0.0972 0.0924 0.0922 0.0906 0.0901 0.0893 0.0886 0.0867
 0.084  0.0839 0.0837 0.0837 0.0836]
current topic is: 84.0
Int64Index([20062,  8836, 25255, 21760,  4651, 19045,  5182, 23533,  9782,
            16665,  5914,  7481, 15465, 13436, 24131],
           dtype='int64')
[0.1201 0.1101 0.0885 0.0867 0.0849 0.0792 0.0784 0.0783 0.0777 0.0774
 0.0747 0.0709 0.066  0.0655 0.0645]
current topic is: 69.0
Int64Index([22743, 19948, 27279, 27265, 25929,  1003, 27321, 15279,  8246,
            25525,  9370,  6811, 16337, 15650,   893],
           dtype='int64')
[0.1707 0.1288 0.1164 0.1162 0.1105 0.1021 0.1017 0.1014 0.0957 0.0933
 0.0927 0.0924 0.0891 0.0887 0.0868]
current topic is: 6.0
Int64Index([27204,  2375, 14264,  4511, 21420, 24482, 11404,  4828, 24024,
            16837,  2720,   324, 10664, 27535, 25770],
           dtype='int64')
[0.1538 0.1446 0.1347 0.1341 0.1278 0.1223 0.1222 0.1162 0.1122 0.1119
 0.1103 0.1082 0.1052 0.1007 0.1002]
current topic is: 37.0
Int64Index([ 7277, 10647, 23356,  1116, 26725,  5805, 24642,  6019,  9794,
            24720, 23005,  4833,  4435, 26633,  2934],
           dtype='int64')
[0.1953 0.1175 0.1175 0.1162 0.1157 0.1058 0.094  0.0854 0.0854 0.0841
 0.0821 0.0798 0.0795 0.0766 0.0738]
current topic is: 97.0
Int64Index([27536,  6185,  8594, 20970,  9392, 18716, 11749,  5714,  8867,
            12103, 16096, 16738, 13484, 24967,  3446],
           dtype='int64')
[0.1303 0.0886 0.0854 0.0811 0.0783 0.0781 0.0779 0.075  0.0717 0.0711
 0.0711 0.071  0.0697 0.0695 0.0689]
current topic is: 56.0
Int64Index([16582, 15393, 22553, 18832, 14583,  1807, 22173, 27471,  8070,
            12161,  5499, 10485, 25504, 23274,  6723],
           dtype='int64')
[0.172  0.1681 0.1643 0.158  0.1542 0.1511 0.1496 0.148  0.1471 0.1459
 0.1437 0.143  0.143  0.1408 0.1356]
current topic is: 45.0
Int64Index([ 5855, 11907,  9881,  4411, 24875, 22060, 24581,  8371,  5816,
            25353, 15356,  5125, 21318,  2658,  3028],
           dtype='int64')
[0.0989 0.0988 0.0979 0.0956 0.095  0.0938 0.0913 0.0912 0.0906 0.0879
 0.0876 0.0865 0.0857 0.0838 0.0825]
current topic is: 68.0
Int64Index([27371, 25696, 27035,  3897, 20412,  9624,  8067,  3814,  6250,
             9464, 17499, 27449,  7559, 13162, 26241],
           dtype='int64')
[0.3105 0.1046 0.0989 0.0964 0.0914 0.09   0.089  0.0847 0.0845 0.0821
 0.0813 0.0778 0.0743 0.0743 0.0714]
current topic is: 33.0
Int64Index([ 3590, 19479, 25666, 12794,   855,  4788, 20408, 17068,  6445,
            19628, 25840,  3896,  9216,  5443, 11617],
           dtype='int64')
[0.1271 0.1098 0.1066 0.1059 0.1058 0.1051 0.1034 0.1026 0.0924 0.0923
 0.0919 0.0915 0.0893 0.0889 0.088 ]
current topic is: 41.0
Int64Index([ 1554, 17163,  4020, 22424,  1783, 14923, 18614,  9046,  6261,
            26959, 22975,  9047,  4149, 26369,  7157],
           dtype='int64')
[0.134  0.1314 0.1228 0.1219 0.1189 0.1174 0.1152 0.1146 0.1143 0.1108
 0.1089 0.1059 0.1031 0.0981 0.0974]
current topic is: 27.0
Int64Index([22310, 24958,  3498, 24461, 11223, 25463,  1399, 15000, 13788,
             6289, 20482, 11155, 11963, 25597, 25271],
           dtype='int64')
[0.1933 0.1379 0.1145 0.1032 0.1011 0.098  0.0944 0.0912 0.0903 0.0898
 0.0871 0.0867 0.0856 0.0839 0.0788]
current topic is: 93.0
Int64Index([23939,  7896, 23750,  1018,  5462, 19776,  7329, 24696,  2814,
            19678, 27336, 20495, 26613, 20347,  5525],
           dtype='int64')
[0.514  0.5137 0.5137 0.5075 0.5075 0.507  0.5069 0.501  0.5006 0.4999
 0.1117 0.1033 0.0897 0.0815 0.0811]
current topic is: 11.0
Int64Index([1134, 25236, 26752, 25021, 21817, 19049, 26887, 27243], dtype='int64')
[0.1209 0.091  0.0825 0.0753 0.073  0.0672 0.0581 0.0502]
current topic is: 82.0
Int64Index([13502, 22637, 22858, 22408, 17707, 12958,  5239, 16237,  4190,
            16528,  3671,  1342,  5208, 15459, 13176],
           dtype='int64')
[0.1066 0.0847 0.0846 0.083  0.0808 0.0783 0.0781 0.0769 0.076  0.0714
 0.0708 0.07   0.0694 0.0691 0.0687]
current topic is: 61.0
Int64Index([20667, 24944,  6644, 22172, 13464, 12964, 15549, 24415, 25759,
            16415,  1364,  7103,  4576, 11187, 12729],
           dtype='int64')
[0.1168 0.0906 0.0904 0.0898 0.0881 0.0867 0.0837 0.0812 0.0806 0.0789
 0.0775 0.0761 0.0717 0.0691 0.0685]
current topic is: 42.0
Int64Index([12647, 10650, 12519, 12342, 17685, 11191, 17761, 14006, 10155,
             4758, 17188, 20178,  5610, 14389, 21494],
           dtype='int64')
[0.0804 0.077  0.0764 0.0759 0.0755 0.0734 0.0723 0.0701 0.0692 0.0677
 0.0641 0.0631 0.0623 0.0619 0.0614]
current topic is: 64.0
Int64Index([13738,  4722,  9440, 20202, 11355,  9870, 23637,  2636,  8676,
             3287, 13151, 10418,  1795,  3848],
           dtype='int64')
[0.0993 0.0931 0.0783 0.0729 0.0669 0.0626 0.0586 0.0585 0.0562 0.0497
 0.0488 0.0486 0.0455 0.0444]
current topic is: 51.0
Int64Index([26113, 20983, 14973, 16869,  8280,  9607, 26294, 12740,  2015,
            16216,  7767, 26641, 16494, 11169,  2990],
           dtype='int64')
[0.1021 0.0896 0.087  0.0867 0.0793 0.0778 0.0774 0.0768 0.0741 0.0715
 0.0689 0.068  0.0679 0.0662 0.063 ]
current topic is: 4.0
Int64Index([2704], dtype='int64')
[0.0672]
current topic is: 16.0
Int64Index([5397], dtype='int64')
[0.0548]
current topic is: 46.0
Int64Index([7537, 17449, 9575, 6526, 6366, 8999, 12384, 13369], dtype='int64')
[0.0643 0.0588 0.0569 0.0548 0.0539 0.0503 0.0442 0.0388]
current topic is: 96.0
Int64Index([13381, 7394, 8691, 21171, 25882], dtype='int64')
[0.0672 0.0628 0.0533 0.0452 0.0451]
current topic is: 20.0
Int64Index([8135], dtype='int64')
[0.0729]
current topic is: 76.0
Int64Index([11061, 21460], dtype='int64')
[0.0848 0.0509]
current topic is: 10.0
Int64Index([16978, 17901, 24362], dtype='int64')
[0.0691 0.0551 0.0463]
current topic is: 3.0
Int64Index([20489], dtype='int64')
[0.0341]
current topic is: nan
Int64Index([], dtype='int64')
[]