current topic is: 7.0
Int64Index([17314, 19557, 15041, 27066,  5950, 11397,   725,  3727,  2645,
             2739, 19169, 25541, 23203,  8628, 22997],
           dtype='int64')
[0.4332 0.3843 0.3828 0.3825 0.3819 0.3812 0.3772 0.3696 0.3638 0.3621
 0.3543 0.3448 0.3441 0.3425 0.3389]
current topic is: 3.0
Int64Index([22310, 14738, 20667, 22032, 24958, 11028, 11223,  7289, 13368,
             3498, 21462, 20868,  1276, 11625, 16257],
           dtype='int64')
[1.     0.9092 0.7418 0.7333 0.7309 0.7089 0.6841 0.6585 0.6266 0.6149
 0.6004 0.5785 0.5734 0.5504 0.5475]
current topic is: 9.0
Int64Index([11363, 16975, 15356, 21071,  4047, 17221, 18569,  4627, 15875,
            11534, 11907,  6615,  9750, 13224, 22679],
           dtype='int64')
[0.5074 0.4969 0.4931 0.458  0.455  0.4542 0.4493 0.4473 0.4454 0.4452
 0.4392 0.4266 0.4199 0.4182 0.4154]
current topic is: 1.0
Int64Index([18133, 11226, 21243, 11296, 14190, 24215, 22001, 21640, 26439,
             3392, 10925, 17727, 11491, 17578,  4104],
           dtype='int64')
[0.5305 0.4741 0.4727 0.4618 0.458  0.4547 0.4478 0.4435 0.4344 0.4342
 0.4306 0.4288 0.4281 0.4201 0.4189]
current topic is: 2.0
Int64Index([23137, 10751, 23132, 26133, 25666,  1151, 21982,  1283,  1807,
            25215, 20782,  2470, 23187, 15407,  9341],
           dtype='int64')
[0.7264 0.7057 0.6877 0.6844 0.6777 0.6605 0.6322 0.6317 0.6256 0.6239
 0.6233 0.62   0.6183 0.6152 0.6057]
current topic is: 0.0
Int64Index([26551, 26766, 26872, 12355, 11857, 27037, 27279,  7335, 27590,
            24195, 27285, 25929, 20930,   423, 19607],
           dtype='int64')
[0.9035 0.8941 0.8189 0.8158 0.7337 0.7137 0.6951 0.6879 0.6795 0.6767
 0.6758 0.6644 0.6605 0.6571 0.6417]
current topic is: 5.0
Int64Index([13966,  3557,  9687, 13122,  1284, 27376, 17083, 23516,  1834,
            20843, 17065,  1536, 21453, 23214, 21264],
           dtype='int64')
[0.6811 0.6786 0.6438 0.6402 0.628  0.6156 0.5998 0.5955 0.5815 0.5792
 0.5733 0.5654 0.5624 0.5566 0.5504]
current topic is: 8.0
Int64Index([ 3365, 23654, 24729,  2628, 13338, 23067,  9818, 27536,  3846,
            22874, 23764,  4928, 23698,  7446, 23284],
           dtype='int64')
[0.7726 0.6264 0.6097 0.5796 0.5767 0.5634 0.5519 0.5503 0.5483 0.5221
 0.5201 0.5027 0.4992 0.4962 0.4813]
current topic is: 4.0
Int64Index([12959, 23972,  1656, 24132, 23319, 11814,  8340, 23023, 20029,
            19916, 24866, 14462, 23980,  8672,  2545],
           dtype='int64')
[0.7417 0.6749 0.5358 0.4621 0.4383 0.4253 0.4148 0.3963 0.3954 0.395
 0.3916 0.39   0.3868 0.3851 0.3806]
current topic is: nan
Int64Index([], dtype='int64')
[]