current topic is: 7.0
Int64Index([17314, 11296,  5950, 11226, 14523, 14190,  8223,  7845, 22561,
            22001, 10951, 10433, 13085, 11586, 25109],
           dtype='int64')
[0.5103 0.3186 0.315  0.308  0.3038 0.3008 0.3001 0.2996 0.2986 0.2969
 0.2905 0.2897 0.2887 0.287  0.2859]
current topic is: 5.0
Int64Index([22310, 14738, 20667, 11028, 11223, 24958, 22032,  7289, 13368,
            16257, 21462,  3498,  1276, 20174, 13856],
           dtype='int64')
[0.6628 0.5976 0.4246 0.4223 0.3912 0.3861 0.3773 0.3689 0.3323 0.3231
 0.3196 0.3192 0.3134 0.3126 0.291 ]
current topic is: 11.0
Int64Index([22393, 21982, 13265, 16256,  2168, 15407, 24577,  9357, 20342,
            23132,  1332, 25255,  4427, 19041, 20062],
           dtype='int64')
[0.4806 0.4439 0.4364 0.4227 0.4207 0.406  0.4009 0.4006 0.392  0.3897
 0.3882 0.3882 0.3835 0.3744 0.3674]
current topic is: 1.0
Int64Index([ 7032,  6237, 25666, 15417,  1133, 10682,  1283, 22144, 25021,
            26560,  1710,  1554, 12956, 18092, 27333],
           dtype='int64')
[0.5332 0.5234 0.442  0.4165 0.4105 0.4094 0.4052 0.4041 0.4039 0.4037
 0.4018 0.3992 0.3919 0.3814 0.3804]
current topic is: 6.0
Int64Index([ 7923, 22104, 20930,  4561,  7158,  4021,  7162,  4315, 26859,
            21169, 25489, 27285, 24234, 24873, 25074],
           dtype='int64')
[0.4536 0.3973 0.3917 0.3629 0.3618 0.357  0.3531 0.347  0.3449 0.339
 0.3382 0.3371 0.3325 0.3284 0.3279]
current topic is: 9.0
Int64Index([ 1018,  5462, 19776, 24696, 23939, 19678,  2814,  7896, 23750,
             7329, 23137, 13928, 23303, 27471, 14583],
           dtype='int64')
[0.8463 0.8463 0.8452 0.8452 0.8437 0.8427 0.8426 0.8407 0.8407 0.8401
 0.8172 0.671  0.6665 0.6652 0.6431]
current topic is: 17.0
Int64Index([12959, 23972, 24132,  1656,  8270, 20029,  8340, 16970, 19959,
            23023, 11931, 25160, 23224, 23279, 22016],
           dtype='int64')
[0.3269 0.3071 0.284  0.2675 0.2593 0.2538 0.25   0.2485 0.2431 0.2424
 0.2412 0.2407 0.2406 0.2373 0.2356]
current topic is: 14.0
Int64Index([16975, 15356, 18569,  4627,  4047, 20747, 14161, 23910, 11363,
             4042, 21071,  3883, 17359, 15089,  5855],
           dtype='int64')
[0.3132 0.3114 0.3032 0.2885 0.2702 0.2693 0.2648 0.2644 0.2603 0.2588
 0.2585 0.255  0.2537 0.2514 0.2509]
current topic is: 2.0
Int64Index([24624, 23424, 11527, 20482,  1458, 16812, 15289,  2339, 13464,
            14192, 18293, 24328, 23120, 12342,  9801],
           dtype='int64')
[0.2564 0.2489 0.2432 0.2396 0.2375 0.2347 0.2307 0.23   0.2297 0.2276
 0.2244 0.2209 0.2201 0.2179 0.215 ]
current topic is: 10.0
Int64Index([19507,  5290, 10104, 17419, 24367, 24780,  4044, 24366, 24399,
            14058,  4351, 23895, 17952, 23857, 18525],
           dtype='int64')
[0.4587 0.41   0.4054 0.3905 0.3905 0.3895 0.3892 0.3872 0.3871 0.3858
 0.3744 0.3714 0.3694 0.3674 0.3665]
current topic is: 12.0
Int64Index([26133, 26793, 26551, 27543,  6542, 27478, 11857, 13776, 20443,
            24320, 26766, 25264, 27111, 27609, 19326],
           dtype='int64')
[0.4349 0.3852 0.3741 0.3562 0.3521 0.3494 0.3469 0.3279 0.3253 0.3229
 0.3184 0.3111 0.3107 0.3085 0.3072]
current topic is: 19.0
Int64Index([17221, 11534,  1636, 17862,   728,  7609,   489, 20593, 13857,
            22679,  2949,  9881, 22236,  6615, 15839],
           dtype='int64')
[0.2698 0.2626 0.2583 0.2512 0.2509 0.2509 0.2466 0.2464 0.2444 0.243
 0.2418 0.2409 0.2397 0.2396 0.2375]
current topic is: 13.0
Int64Index([ 3080,  7277,  7115, 18705, 27371,  9974, 12997, 21835, 23356,
            22397, 25108, 25313, 26725, 14846, 10751],
           dtype='int64')
[0.8922 0.8214 0.6459 0.5455 0.5324 0.4768 0.4748 0.4735 0.4501 0.4469
 0.4425 0.4401 0.4385 0.4283 0.4196]
current topic is: 18.0
Int64Index([ 3557, 13122, 23516, 17083, 23214,  1834, 23926,  7571, 26460,
             1284,  1486, 19313, 10782,  4657,  4395],
           dtype='int64')
[0.6902 0.5522 0.5047 0.4958 0.4742 0.4665 0.4272 0.4237 0.4175 0.4157
 0.4141 0.4057 0.3949 0.3899 0.3717]
current topic is: 4.0
Int64Index([ 3365, 23654,  2628, 23067, 13338, 27536,  9818,  3846, 24997,
            23284, 24729,  7446,  2769, 11060, 23280],
           dtype='int64')
[0.4889 0.4127 0.3834 0.3757 0.3677 0.3673 0.3505 0.3383 0.337  0.3339
 0.3224 0.3175 0.3144 0.3108 0.3028]
current topic is: 0.0
Int64Index([ 3998,   335, 17972,  7832, 18312, 12355, 14298, 27481,  9432,
            12821, 10119, 11122, 26639, 24143,  5710],
           dtype='int64')
[0.2006 0.2003 0.1756 0.175  0.1749 0.1736 0.1724 0.171  0.1701 0.1696
 0.1674 0.1656 0.1651 0.1638 0.1625]
current topic is: 8.0
Int64Index([16485, 23885, 21742,   785, 10988,   331, 27497, 12492,  4690,
            10265,  9469, 16375, 26713, 26275,  2767],
           dtype='int64')
[0.2895 0.2422 0.232  0.1933 0.1697 0.1691 0.1685 0.1664 0.166  0.1641
 0.1598 0.1578 0.1561 0.1548 0.153 ]
current topic is: 16.0
Int64Index([21319, 13999, 3679], dtype='int64')
[0.1806 0.1272 0.1095]
current topic is: nan
Int64Index([], dtype='int64')
[]